keys = 64
Encryption Times :
9639.86,9584.99,9653.3,9706.46,9790.18,9778.18,9770.71,9672.59,9603.69,9741.15,9817.16,9804.01,9931.1,10139.2,9638.15,9538.15,9536.06,9532.99,9532.43,9796.17,9559.31,9534.12,9525.4,9617.04,9533.38,9529.17,9533.8,9566.79,9567.4,9553.69,9552.47,9815.7,9566.31,9541.02,9545.33,9528.7,9526.75,9531.56,9541.56,9543.58,9540.69,9559.06,9536.47,9535.95,9559.29,9530.01,9547.19,9531.33,9538.61,9730.67,9586.97,9659.67,9594.11,9579.63,9766.73,9532.27,9737.54,9794.13,9935.71,9933.94,9537.97,9539.22,9535.72,9573.75,9584.88,9532.83,9529.3,9525.58,9531.17,9526.76,9543.67,9531.05,9551.22,9551.57,9538.91,9556.33,9557.62,9533.24,9576.07,9529.5,9526.98,9529.84,9541.95,9533.6,9538.45,9546.89,9528.63,9566.25,9523.23,9538.38,9544.4,9526.53,9531.02,9542.22,9528.94,9532.94,9558.22,9573.07,9537.48,9564.35,
Mean of Encryption = 9598.49
Decryption Times :
717.241,720.831,754.791,735.546,731.551,730.358,737.492,720.702,724.873,738.881,742.696,736.923,715.918,807.382,710.376,724.634,713.035,723.896,719.733,713.645,707.553,708.648,712.674,708.553,724.066,724.8,708.575,713.265,708.371,729.665,907.313,712.96,708.663,724.375,708.628,713.453,709.385,724.936,712.265,709.116,713.275,708.59,724.563,708.536,724.42,712.981,724.628,714.054,710.048,713.447,727,711.412,768.58,711.749,723.544,708.25,712.014,707.929,724.61,707.792,724.161,708.097,723.975,708.703,713.148,707.328,711.956,707.685,707.328,713.036,712.235,725.385,712.735,707.455,708.759,713.483,718.516,707.279,707.992,724.306,708.392,712.413,714.365,724.438,707.461,709.094,713.556,707.866,723.643,713.511,713.119,724.326,708.257,708.935,713.54,709.037,708.276,713.78,719.309,722.434,
Mean of Decryption = 719.945
Size of ciphertext is =  14745600

keys = 72
Encryption Times :
11966.1,11704.4,11890.6,11705.2,11704,11716.6,11697,11705.3,11705.5,11699.4,11705.5,11697.2,11708.2,11719.4,11758.4,11732,11710.8,11763.7,11700.4,11694,11696.2,11692.7,11694.1,11695.9,11691.2,11696.3,11698.9,11700,11708.1,11824.2,11694.2,11743.8,11732.6,11722.8,11692.6,11793.9,11713.6,11698.6,11684.2,11766.2,11783.1,11717.4,11696.6,11701.8,11711.4,11724.7,11764.7,11747.2,11704.1,11755.7,11903.8,11904.4,11724.8,11691,11686.1,11728.9,11689.4,11704.2,11695.2,11699.4,11700.3,11701.8,11715.3,11688.2,11712.2,11693.8,11700.5,11719.8,11700.6,11690,11685.9,11706,11692.1,11718.9,11705.1,11783.8,11795.1,11701.6,12043,11947.2,11695.5,11707.5,11716,11720.7,11720.6,11714.3,11707.1,11699.4,11762,11740.1,11735.7,11697.8,11766.2,11723.5,11719.2,11711.6,11716.1,11705.9,11710.2,11737.3,
Mean of Encryption = 11729.7
Decryption Times :
924.789,926.345,923.635,924.993,923.116,922.758,924.471,923.428,923.481,923.841,926.873,924.049,925.349,925.154,925.474,922.998,923.266,922.604,922.536,923.389,923.563,921.826,921.878,923.123,923.349,923.363,923.551,924.51,923.468,923.644,930.965,926.426,924.545,923.671,924.227,923.566,930.484,924.212,923.105,930.227,934.25,924.034,930.302,925.043,923.199,934.952,923.557,928.98,929.946,923.066,923.143,930.442,927.636,924.292,932.15,926.699,924.477,925.651,932.494,924.458,925.994,927.078,930.541,924.566,925.724,925.997,924.946,923.855,926.251,924.237,947.734,927.317,926.332,925.486,927.941,928.378,927.883,925.084,927.065,938.606,926.499,924.398,927.696,925.247,923.581,925.927,927.217,924.051,929.794,931.958,926.965,924.54,928.467,923.774,926.061,946.306,923.07,923.162,923.959,925.736,
Mean of Decryption = 926.244
Size of ciphertext is =  18662400

keys = 80
Encryption Times :
14562.1,15547.7,15052.1,15534.6,14801.8,14820.1,15051.6,14564.4,14619.3,14555.9,14558.8,14722,14809.1,14833.9,14558.4,15065.9,14579.2,14731.2,14551.1,14561.2,15296.6,14834.3,14809.6,14827.2,14552.1,15305.8,14805.3,14796.1,14809.9,14560.1,14796.1,15291.7,14550.5,14863.7,15538.4,14581.8,14742,15056.2,14595.5,14819.8,14575.5,14557.2,14582.6,14555.9,14555.4,14610.3,14566.5,14557.3,14566.9,14569.5,14579.3,14569.3,14607.9,14581.3,14568.6,14556.2,14550,14551,14549.8,14555.6,14571,14627.6,15111.7,14737.6,14657.7,15177.1,14754,14574.4,14616.7,14780.1,14604.1,14584.6,14596.3,14630.2,14587,14640.5,14575.4,14588.4,14591,14578.9,14568,14579.7,14579.8,14593.1,14578.3,14578.4,14571.9,14852.2,14564.8,14577.9,14590.1,14577.5,14870.6,14923.5,14579.8,14571.8,14572.3,14593.5,14585.6,14580.9,
Mean of Encryption = 14709.5
Decryption Times :
1139.35,1141.57,1142.27,1141.86,1142.1,1140.75,1148.03,1140.45,1143.22,1141.19,1143.22,1143.32,1141.86,1141.18,1140.64,1143.61,1142.18,1140.8,1143.04,1141.4,1142.29,1138.92,1144.14,1144.18,1141.69,1143.78,1141,1141.06,1142.32,1140.17,1156.42,1140.88,1143.25,1142.06,1141.88,1141.41,1141.6,1138.88,1143.51,1141.92,1139.95,1140.89,1139.91,1141.28,1141.02,1139.24,1139.58,1140.43,1142.2,1141.1,1139.11,1141.37,1139.84,1141.86,1138.44,1139.87,1140.3,1141.34,1138.87,1139.49,1139.85,1176.24,1161.31,1153.55,1156.6,1318.82,1147.25,1141.89,1151.59,1143.87,1142.1,1141.31,1140.46,1145.6,1143.05,1143.46,1142.3,1143.11,1141.84,1143,1141.72,1144.88,1143.45,1142.3,1142.52,1144.33,1142.26,1140.92,1144.83,1142,1144.04,1142.92,1144.28,1142.64,1142.33,1142.32,1142.91,1142.34,1144.2,1143.12,
Mean of Decryption = 1144.77
Size of ciphertext is =  23040000

