mdata = 80
Encryption Times :
27053.1,27632.7,26875.5,27155.1,27002.6,26986.1,26905.7,26853.9,27046.1,27276.1,27101.6,27027.2,27113.7,27020.9,27016.6,27076.4,27770.2,26802.8,26911.7,26997.2,26852.5,26825.7,27417.7,26911,26892.9,26841.5,26900.8,26740.7,26891.9,27042.8,26884.7,26832.6,26859.8,26756.7,26775.5,26749.7,26731,26887.1,26800,26876.6,26789.4,26817,26743.7,26788.7,26903.5,26853.3,26954.1,26686.8,26724.1,27143.3,26767.1,27430,26834.3,26807.1,26948,26844.9,26741.7,27165.8,26840,26822.5,26781.6,26845.6,26797.2,27184.4,26889,27352.8,26777.9,27270.5,26793.4,26772.2,26744.7,26847.6,26791.4,26932.5,26928.6,26837.7,26893.1,26900.1,26765.4,27342.8,26807.7,26827.2,27357.8,26866.1,27027,27525.7,26765.8,26879.1,26883.5,27845.7,27021.9,27355.5,26902.3,26867.3,26910.8,27170.2,27004.9,26818.4,26895.3,26713.8,
Mean of Encryption = 26956
Decryption Times :
2527.81,2527.91,2457.84,2405.91,2335.03,2409.39,2379.74,2414.03,2492.31,2407.78,2420.05,2409.37,2402.85,2497.87,2510.1,2369.74,2541.22,2513.65,2457.87,2573.4,2561.35,2577.8,2482.24,2340.48,2518.36,2390.74,2327.57,2392.76,2470.54,2462.3,2504.48,2428.23,2433.89,2422.04,2432.07,2405.43,2450.94,2470.87,2497.13,2553.56,2438.2,2349.15,2388.12,2424.8,2402.03,2471.39,2503.3,2425.5,2457.48,2424.33,2548.11,2445.95,2412.52,2399.32,2457.67,2430.78,2408.51,2449.83,2435.85,2436.17,2448.98,2476.85,2424.36,2448.04,2487.64,2525.14,2477.16,2495.97,2422.09,2420.93,2389.71,2423.67,2406.36,2442.72,2459.96,2516.97,2451.9,2430.76,2434.01,2421.16,2461.03,2444.64,2466.8,2428.13,2432,2459.16,2385.01,2441.37,2534.11,2553.94,2572.45,2540.85,2422.1,2442.64,2474.02,2497.44,2648.55,2371.8,2447.85,2448.4,
Mean of Decryption = 2453.62
Size of ciphertext is =  40960000

mdata = 90
Encryption Times :
26751.3,26843,26849.7,26937,27311.2,26748.3,26765.3,26846,26988.1,26800.3,26908,26943.2,26904.9,27047.4,27202,26947.3,26943.1,26983.7,26900.5,27012,26873.9,26974.3,26869.4,26931,26793.3,26799.9,26779.4,26721.7,26896.4,27013.8,26943.2,26907.3,26724.1,26740.6,26815.4,28170.8,26747,26816,27041.2,26782.8,27268,26866.5,26854,26872.1,26918.5,26817.1,27085.6,27830,26849.6,26829.6,26762.4,26611,26729.4,26956.5,26864.4,26693.6,26869.2,26892.4,26643.3,26776,26984.3,26852,26976.7,27032.8,26764.6,26939.6,27103.6,26727.4,26724.7,26895.3,26971.9,26724,26790.6,26800.4,27185,26921,27238.9,26745.9,26776.4,26788.4,26835.4,26849,26900.4,26851.6,26753,26795.9,26805.3,26967,26940.4,26984.2,26726,26899.4,27017.5,26804.4,27556.9,26955,26907.7,26876.1,26934.3,26777.3,
Mean of Encryption = 26910.4
Decryption Times :
2322.43,2343.68,2460.98,2309.67,2317.69,2347.73,2320.72,2317.74,2451.55,2320.4,2340.64,2404.67,2472.7,2414.46,2405.07,2365.58,2433.62,2367.78,2344.22,2409.1,2314.72,2353.31,2348.66,2317.79,2341.33,2461.34,2334.17,2321.09,2435.18,2422.22,2396.85,2365.99,2326.56,2333.19,2379.35,2347.99,2339.29,2310.98,2344.32,2302.73,2311.7,2372.41,2315.68,2337.72,2450.57,2437.86,2408.77,2341.69,2371.51,2322.99,2303.57,2390.63,2325.83,2304.76,2321.8,2303.7,2315.67,2359.22,2315.5,2333.13,2336.1,2299.58,2351.64,2385.17,2314.75,2307.51,2298.9,2429.31,2322.77,2314.96,2390.14,2319.63,2314.67,2317.88,2323.22,2311.05,2338.82,2356.51,2302.69,2408.6,2346.93,2317.02,2357.35,2355.63,2315.43,2325.25,2437.96,2361.37,2315.87,2322.85,2336.78,2334.93,2342.5,2306.49,2303.55,2350.43,2325.57,2298.3,2336.15,2305.22,
Mean of Decryption = 2349.52
Size of ciphertext is =  40960000

mdata = 100
Encryption Times :
26961.6,27130.1,26937.1,26751.4,26907.9,26933.3,26863.8,27102.2,26958.2,26796.6,26966.2,26852.8,26929.6,26940.1,27030.3,27214.6,27011.9,26913.2,26929.1,26863,27094.9,27265.3,26836.5,26977.9,27197.4,27247.8,26997.1,27077.9,27484.5,26946.2,27051.2,27217.9,26894,27009.9,26974.3,27064.3,27577.8,27450.3,26907.6,26914,26843,27041.5,26951.5,26995.1,27240.1,26777.1,26981.9,27020.7,26854.6,26867.8,27088.8,27009.1,27283.7,27181.7,27009.7,27269.2,26854.5,26913.7,26945.3,27136.2,26960.4,27074.1,27043,26903.9,27120.1,26960.2,26900.5,26968.8,26870.2,27006.2,26987.3,26990.2,26894.5,26993.9,27045.7,27019.2,26946.6,27142.4,27030.9,26793.1,26878.1,26896.7,27139.3,27214.8,27452.3,26940.9,26899,26858,27274.3,26882.1,27490,27045.4,27114.3,26812.6,27088.4,26863.1,26898.3,26879.3,26897.1,26830.9,
Mean of Encryption = 27014.5
Decryption Times :
2360.97,2360.89,2503.78,2373.12,2351.43,2428.74,2379.36,2359.48,2384.51,2329.86,2331.62,2329.59,2342.33,2348.38,2351.61,2413.62,2334.51,2324.72,2380.23,2319.85,2424.59,2440.24,2336.26,2337.83,2423.1,2350.43,2330.84,2380.65,2534.5,2351.85,2383.24,2435.76,2338.62,2407.26,2426.07,2403.02,2331.79,2404.75,2500.08,2426.27,2380.76,2372.39,2450.27,2357.89,2413.38,2363.5,2405.39,2423.71,2490.95,2378.57,2334.69,2395.17,2448.94,2450.08,2438.2,2527.12,2343.59,2381.17,2462.47,2372.93,2346.38,2427.48,2345.33,2358.53,2447.16,2479.48,2422.6,2365.91,2344.97,2372.74,2368.08,2387.75,2388.69,2381.71,2415.6,2490.09,2450.3,2333.17,2434.4,2335.55,2376.66,2512.14,2486.43,2534.09,2346.76,2336.89,2344.86,2332.56,2447.76,2400.93,2358.18,2400.51,2481.24,2374.05,2337.78,2513.74,2391.97,2503.05,2378.39,2429.8,
Mean of Decryption = 2396.51
Size of ciphertext is =  40960000

mdata = 110
Encryption Times :
27029,27082.3,27511.9,27694.7,27638.6,26779.2,27020.6,27265.8,26961.4,26949.7,27102.4,27060.4,26888.4,26965.3,26887,27018.8,27021,26870.8,27045.7,26875.2,27022,27072.8,26889.4,26897.5,26934.3,26911.6,26899.3,27610.4,27334.7,26981,27212.6,26876.1,26925.6,26801.9,26930.7,26988.6,27075.9,26873.6,27108.3,26937.3,26818.5,26968.5,26977.4,26920.9,27342.5,26935.9,27036.7,27077,27338.6,27390.9,27166.6,27026.4,27033.3,26981.7,27009.8,26847.9,26893.8,26836.9,27309.9,27041,26902.3,27115.7,26955.1,26830.5,26823.8,27193.5,26997.3,27246.9,26971.4,27733.4,26880.4,26845.5,27140.7,26934.2,26951.9,26953.8,26974.5,26995.1,27086.9,27090.4,26854.7,27373.5,27201.4,26893.2,27248.6,26953.5,26902.4,26901.4,26927.4,27122.9,26999,26976.8,27015.2,27067.3,26881,27042.3,27312.9,26884.8,26931.7,27024.8,
Mean of Encryption = 27040.4
Decryption Times :
2420.15,2416.97,2356.8,2375.04,2422.07,2460.48,2409.18,2348.6,2439.53,2397.24,2344.74,2400.72,2445.39,2372.35,2377.28,2442.66,2399.13,2340.06,2475.54,2332.05,2367.35,2471.18,2407.91,2346.8,2436.11,2472.33,2395.86,2425.86,2459.94,2468.35,2416.03,2338.65,2391.83,2384.21,2373.01,2416.89,2368.74,2342.97,2405.57,2484.35,2350.84,2391.8,2380.52,2358.31,2340.06,2400.62,2354.1,2357.56,2771.24,2409,2531.77,2382.15,2473.7,2331.95,2449.72,2449.87,2470.86,2346.15,2420.04,2367.05,2349.35,2402.07,2419.53,2482.24,2359.36,2376.61,2420.03,2416.85,2399.73,2394.11,2348.37,2337.15,2429.31,2478.2,2392.66,2424.44,2399.58,2390.07,2357.15,2374.93,2347,2351.31,2675.83,2481.78,2406.23,2344.22,2416.04,2378.75,2375.5,2437.51,2471.84,2444.82,2396.24,2471.44,2496.71,2410.67,2399.3,2501.54,2390.46,2355.37,
Mean of Decryption = 2409.92
Size of ciphertext is =  40960000

mdata = 120
Encryption Times :
26826.1,26815,26899.8,27185.6,27606.5,27222.9,26913.6,26894.2,26987.5,27197.6,26876.3,26987.8,27093.6,26987.3,26875.8,26846.1,27351.5,26915.8,26842,26949.4,26933,27044.3,26792.4,27044,26941.7,26782.5,26976.4,27039.4,27407.3,27021.8,26978.9,26910,26859.4,26883.4,26816.7,26936.6,26819.4,26909.4,26891.5,26738.5,26766,26871.6,26782.1,27160.6,26825.2,26896.9,26949,26868.4,26943,26898.9,26864.1,27061.1,26980.2,26813.4,26932.4,26771.5,27327.5,26948,26842.3,26882.5,26812,26873.9,26864.4,26923.8,26928,26899.9,26883.3,26838.8,26728,27240.8,27083.8,26936.6,26928.8,26914.7,26975,26968.7,27081.4,26950.1,27025.9,26989.5,27037.2,27362.1,26882.9,26872.1,26937.6,26983.9,26972.3,27109.7,27034,27034.2,26869.8,27339.4,26882.4,26761.7,27021.3,26899.4,27083.6,26950.2,26827.9,26790.9,
Mean of Encryption = 26958.9
Decryption Times :
2402.55,2327.37,2295.25,2472.95,2411.38,2474.45,2333.47,2326.92,2334.05,2298.95,2383.59,2325.46,2350.18,2400.25,2503.22,2367.54,2419.94,2402.83,2335.18,2313.24,2403.69,2368.89,2323.03,2366.76,2430.35,2341.42,2348.23,2334.65,2421.99,2337.62,2360.91,2419.46,2404.48,2352.27,2489.83,2364.3,2307.23,2397.07,2414.5,2308.94,2288.35,2401.5,2385.66,2359.14,2423.74,2352.61,2316.96,2383.44,2386.83,2367.44,2297.01,2412.67,2326.05,2338.42,2306.66,2307.97,2375.16,2359.48,2440.52,2337.97,2329.93,2411.83,2414.35,2320.21,2397.02,2433.06,2334.15,2324.99,2418.34,2443.19,2343.75,2447,2401.53,2408.92,2428.17,2404.96,2361.19,2405.34,2351.81,2404.14,2417.26,2321.07,2480.52,2377.68,2341.32,2403.61,2442.51,2363.93,2349.81,2478.6,2357.77,2364.19,2396.23,2379.22,2395.23,2404.12,2363.02,2358.17,2322.71,2493.35,
Mean of Decryption = 2377.36
Size of ciphertext is =  40960000

mdata = 130
Encryption Times :
27126,27342,26913.4,26917.4,27437,27047.6,27097.5,27039.5,27283.7,27015.3,26805.7,27037.9,26965.7,26883,26890.7,26834.2,27686.4,26872.5,26941.8,27080.1,26996.8,26905,26992.5,27058.2,26881.9,27196.6,27171,27138.3,27139.2,27148.6,27021.8,26977.4,28505.7,27524.2,26972.1,26904.4,26905.1,26947.8,26978.5,27208.6,26977.5,27249.6,27217.1,27568.8,27698.7,27040.9,27390.6,26841.4,27297.3,27137.3,27026.3,26995.5,26895.7,26946.1,26906.7,26986,27175.3,27037.3,27010.4,27148.1,27034.5,27161.9,26930.1,27174.3,26972.3,26960.8,26873.1,26972.2,27864.3,26993.8,27089,27168.7,27033.6,27025.5,26946.4,26888.2,27467.8,27113.1,26897.4,27066.6,26970,26855,26993.8,27280.8,27319.3,26861.5,27073.1,27111.8,26858.5,26937.8,27018.3,26910.8,27118.1,26986,26999.9,26943.7,27032.4,27117.5,26953.7,26919.9,
Mean of Encryption = 27082.3
Decryption Times :
2398.67,2405.27,2393.95,2487.14,2404.93,2413.6,2351.51,2317.54,2380.4,2359.9,2421.98,2327.52,2373.95,2384.63,2324.31,2331.77,2372.92,2405.13,2308.5,2420.05,2493.38,2336.53,2352.96,2437.68,2372.92,2421.35,2407.24,2328.96,2310.67,2431.14,2416.44,2360.67,2349.39,2399.06,2337.3,2322.56,2382.14,2355.25,2343.61,2375.8,2389.98,2471.63,2369.4,2380.28,2457.79,2340.12,2385.64,2337.09,2369.02,2413.18,2437.49,2427.36,2440.02,2388.41,2365.26,2334.57,2344.6,2357.88,2328.12,2375.09,2386.85,2398.67,2333.66,2303.69,2487.94,2330.02,2338.5,2428.08,2451.61,2316.15,2402.83,2439.63,2316.29,2319.37,2307.22,2316.66,2309.87,2335.1,2330.48,2325.18,2345.73,2340.79,2335.09,2388.24,2393.36,2332.05,2311.76,2397.48,2372.57,2346.59,2393.11,2309.25,2301.6,2390.17,2382.48,2308.93,2316.55,2334.21,2310.81,2310.23,
Mean of Decryption = 2369.3
Size of ciphertext is =  40960000

mdata = 140
Encryption Times :
27108.2,26967.2,27071.3,27663.8,26997.2,27323.7,27098.1,26973.7,27034.9,27159.7,27227.1,26983.9,27082.9,27116.7,26997.6,27231.3,27137.6,27121,27080.3,27283.6,26965.5,26985.9,27540,27674.3,27006.8,27143.4,27215.4,27113.2,26895.7,27103.7,27037.4,27063.5,27111.1,27120.3,27009.7,27232.5,27140.9,27039.2,26985,27148.2,26962.8,27033.8,27030,27146.5,27253.4,27271.6,27116.6,26971.4,27031.2,26951.4,27041,27047.4,27340.7,26975.2,26987.5,27341.7,27589.2,27117.1,27291.1,27163.6,27530.1,27077.1,27156.7,27020.1,27034.2,27136.2,27319.8,27226,27028.6,27046.2,27639.1,27077.9,27038.9,27668.7,27484,26861.8,27283.5,27327.6,27198.1,27205.4,27053.6,27165.4,27023.2,27093.7,27153.6,27270.4,27787.5,27051.2,27145,27199.9,27073.2,27256.7,27120.5,27043.8,27271.6,27066.6,27483.6,27021.2,27104,27186.3,
Mean of Encryption = 27157.9
Decryption Times :
2343.83,2330.73,2368.84,2345.49,2333.59,2396.68,2432.22,2405.25,2328.8,2331.31,2404.57,2346.49,2331.58,2510.5,2393.79,2338.9,2417.57,2452.76,2380.74,2410.4,2320.43,2338.71,2329.34,2391.31,2415.66,2331.35,2338.9,2431.25,2325.11,2360.57,2356.66,2421.31,2343.92,2425.49,2340.81,2412.26,2493.83,2407.31,2335.85,2421.48,2336.75,2341.57,2371.16,2341.45,2346.12,2355.25,2395.76,2415.93,2367.98,2367.72,2377.1,2329.86,2324.07,2458.84,2433.38,2477.87,2412.5,2430.07,2473.11,2443.7,2395.25,2501.4,2418.83,2389.88,2532.34,2418.33,2398.79,2424.83,2432.62,2414.7,2424.93,2403.42,2375.65,2430.76,2436.95,2401.75,2427.46,2496.31,2522.64,2379.44,2381.89,2471.19,2391.05,2440.67,2407.42,2439.6,2426.33,2370.59,2444.19,2422.93,2363.6,2405.11,2538.35,2429.68,2386.56,2446,2456.62,2371.97,2422.06,2409.79,
Mean of Decryption = 2399.98
Size of ciphertext is =  40960000

mdata = 150
Encryption Times :
27129.5,27524.3,27124.2,26957.5,27073.6,27748,27244.1,27449.9,27146.9,27153.9,27304.3,27080.6,27034.2,27164.8,27177.2,27218.4,27093.5,27106.8,27098.5,27238.6,27000.1,27003.5,27069.1,27748.5,27147.5,27051.8,27168.1,27091.6,27030.3,27118.2,27006.3,27107.8,27120.1,27130.4,27051.7,27138.1,27032.8,27081.8,27288.5,27085.5,27047.9,27112.7,27147.9,27064,27116.5,27272.5,27008,27133.4,27160.5,27175.1,27143,27194.3,27193.3,27063.5,27141.1,27083.9,27089.4,26923.7,27131.5,28985.5,27020.8,27339.8,27592.5,26942.3,27087.6,27500.7,27033.1,27166.8,27012.5,27183.5,27128.3,27033.9,27240.3,26958.4,27039.3,27123.8,27306.7,27018.3,27349.6,27049.6,27045.7,27025.9,26949,27354.6,27218.8,27234.9,27142.2,27148.2,27112.9,27021.9,27050.7,27163.7,27389.5,27066.6,27026.7,27198.2,26982.7,26928.4,27126.2,27343.5,
Mean of Encryption = 27163.9
Decryption Times :
2460.34,2435.11,2424.44,2535.62,2356.33,2383.18,2570.76,2463.41,2451.34,2387.43,2424.54,2338.66,2314.6,2351.23,2345.33,2332.29,2376.63,2425.56,2343.7,2384.58,2323.01,2314.09,2395.1,2424.87,2326.07,2334.41,2379.29,2426.17,2335.08,2509.85,2335.71,2350.01,2393.32,2363.65,2330.03,2375.2,2370.9,2342.36,2366.6,2453.26,2335.54,2337.84,2379.53,2360.69,2332.2,2416.36,2444.2,2407.07,2352.34,2401.56,2380.6,2348.28,2430.36,2336.21,2342.23,2377.77,2400.72,2350.63,2353.96,2330.21,2344.83,2381.09,2362.27,2331.34,2374.09,2360.47,2406.94,2346.23,2334.47,2385.36,2337.87,2351.78,2307.26,2338.1,2337.71,2382.51,2319.24,2341.47,2539.73,2452.03,2339.74,2442.65,2475.17,2483.97,2407.53,2472.93,2559.61,2413.62,2344.77,2339.09,2338.51,2379.83,2499.93,2364.54,2330.59,2388.28,2366.27,2323.09,2401.26,2310.59,
Mean of Decryption = 2382.89
Size of ciphertext is =  40960000

