ndata = 50
Encryption Times :
8115.65,8284.75,8047.4,7904.07,7900.45,7920.44,7899.87,7934.08,7909.53,7907.34,7896.29,7902.18,7898.71,7905.13,7907.98,7893.91,7902.53,7899.45,7898.26,7896.09,7889.31,7933.04,7889.15,7891.96,7893.3,7889.74,7888.62,7901.1,7896.09,7892.77,7892.67,7894.22,8080.88,7907.76,7906,7906.35,7907.17,7906.77,7904.73,7905.99,7911.35,7901.14,7909,7906.43,7902.93,7902.85,7992.8,7974,7975.5,7966.47,7927.58,7897.24,7902.75,7911.6,7896.86,7898.28,7892.99,7899.99,7902.63,7896.42,7916.86,7898.13,7894.13,7901.73,7900.36,7897.12,7892.12,7894.87,7892.02,7895.72,7897.41,7894.4,7900.09,7898.06,7907.64,7894.24,7904.5,7902.05,7904.04,7899.92,7898.6,7902.65,7897.18,7898.11,7894.57,7897.72,7895.42,7903.74,7911.41,7902.07,7901.07,7897.7,7919.35,7983.28,7927.83,7904.21,7907.07,7905.52,7904.52,7903.56,
Mean of Encryption = 7915.12
Decryption Times :
635.499,701.112,627.337,627.69,628.338,625.694,626.273,625.671,625.652,625.57,626.051,627.094,627.143,626.352,626.246,626.659,630.195,628.749,642.284,629.172,626.064,626.354,625.861,626.866,626.677,632.542,625.7,626.4,627.57,627.952,626.884,627.104,627.964,635.881,636.896,630.202,635.781,631.065,629.706,629.152,630.681,629.541,636.007,630.858,629.196,632.853,639.775,639.797,633.837,641.146,629.022,637.915,630.637,629.44,635.853,654.114,635.441,629.632,629.741,636.746,629.365,635.883,630.765,635.874,628.774,625.751,625.31,627.165,625.404,632.184,627.052,625.962,626.307,626.106,625.449,626.838,625.774,625.558,626.172,625.992,626.103,626.307,625.877,626.143,626.957,625.667,626.719,627.002,625.686,625.758,626.379,626.379,628.682,630.237,626.985,626.046,625.42,626.015,625.762,626.941,
Mean of Decryption = 630.024
Size of ciphertext is =  12960000

ndata = 60
Encryption Times :
11337.6,11341.1,11330.1,11337.6,11335.8,11381,11346.7,11344.6,11339.8,11353.4,11360.9,11370.7,11368.5,11368.6,11367.8,11369.1,11350.6,11364.2,11355.9,11369,11387.7,11363.2,11377.8,11378.1,11366.3,11363,11355.8,11457.5,11367.4,12514.8,11864.4,11387.3,11379.5,11373.7,11385.3,11382.1,11365.8,11361.6,11360.3,11382.3,11357.2,11771.8,11769.9,11369.1,11364.2,11368.4,11373.8,11389.2,11360.8,11415.9,11365,11378.3,11429.4,11367.9,11348.8,11347.7,11346.1,11349.6,11366.7,11360.5,11357.8,11356,11366.1,11363.7,11364.7,11365.9,11362.8,11364.8,11430.2,11385.2,11374.9,11378,11395.8,11370.4,11376.7,11375.1,11364.8,11365.6,11375.2,11362.4,11378.2,11362.5,11372.4,11361.4,11361.2,11365.8,11372,11412.8,11362,11357.6,11344.5,11359,11368.9,11400.4,11365.6,11367.2,11782.9,11379.6,11370.3,11374.4,
Mean of Encryption = 11397.4
Decryption Times :
900.44,902.048,901.805,899.606,901.281,908.622,900.929,905.378,901.756,901.886,915.174,901.537,902.565,902.112,901.213,901.345,902.374,902.282,902.288,902.858,905.241,902.353,902.08,903.179,901.993,901.617,901.09,901.009,901.903,904.114,905.249,902.206,901.411,903.549,902.074,901.873,901.746,907.807,901.147,903.86,902.198,903.09,901.44,903.023,901.36,901.061,901.511,902.335,901.268,903.281,901.903,902.509,901.966,900.565,900.781,901.604,902.105,900.951,901.812,901.936,900.985,902.305,902.465,902.12,902.099,907.217,909,907.747,901.879,953.835,903.036,903.263,902.971,903.051,902.809,905.76,903.056,909.072,902.067,902.857,902.628,903.012,902.183,901.618,907.826,907.874,901.503,910.477,902.433,903.28,901.38,904.524,902.221,902.494,902.531,902.647,908.464,902.199,900.5,902.67,
Mean of Decryption = 903.498
Size of ciphertext is =  18662400

ndata = 70
Encryption Times :
15693.4,15446.6,15447.3,15582,15438.4,15450.6,15458.5,15438,15449.1,15472.3,15493,15482.7,15478.8,15446.6,15676.2,15442,15445.3,15439.9,15444.4,15454.2,15451.6,15449.1,15460.2,15449,15442.8,15443.6,15453.6,15444.2,15445.1,15455.3,15444.4,15464,15449.9,15711.6,15458.2,15448.7,15446.5,15442.7,15454.3,15452.2,15456.9,15442.1,15438.9,15439.6,15442.6,15441.8,15444.7,15471.5,15458.4,15452.7,15449.8,15439.4,15453.8,15438.7,15477.5,15477.6,15441.3,15446.5,15630.1,15454.8,15439.3,15635.3,15446,15442.5,15445.2,15447.2,15466.3,15457,15499.7,15487.3,15469.8,15448.1,15645.8,15455,15458.6,15475.6,15467.1,15446.6,15443,15464.9,15759.6,15446.3,15609.8,15475.8,15462.8,15456.9,15500.7,15478.7,15457,15470,15679.7,15468,15468.5,15455.8,15442.7,15426.8,15466.3,15469.7,15463.3,15468.4,
Mean of Encryption = 15476.1
Decryption Times :
1225.02,1226.84,1227.39,1226.22,1239.28,1229,1228.42,1227.47,1232.14,1229.34,1226.32,1229.43,1228.32,1227.16,1226.24,1227.12,1234.73,1227.44,1228.14,1228.12,1228.12,1229.08,1228.94,1227.98,1227.95,1228.73,1227.5,1227.22,1227.62,1228.7,1228.1,1229.01,1227.38,1228.89,1227.32,1227.63,1228.66,1228.23,1226.91,1226.9,1225.73,1227.37,1227.8,1226.09,1227.29,1226.74,1227.76,1228.92,1227.43,1227.09,1228.06,1227.29,1226.96,1227.28,1228.5,1227.95,1227.08,1227.35,1227.24,1229.53,1228.6,1228.94,1228.37,1226.7,1228.3,1232.53,1232.42,1239.26,1234.47,1240.98,1234.51,1233.93,1234.85,1233.19,1233.78,1234.18,1234.81,1232.62,1234.49,1239.06,1234.23,1233.73,1243.83,1232.33,1235.77,1232.39,1232.59,1234.34,1233.68,1232.26,1234.32,1234.96,1234.67,1231.68,1233.59,1230.99,1233.03,1233.83,1232.63,1233,
Mean of Decryption = 1230.28
Size of ciphertext is =  25401600

ndata = 80
Encryption Times :
21481.8,21361.4,21494.9,21370,21359.3,21413,21374.9,21409.9,21235.2,21438.2,21363.3,21400.2,21357.2,21428.3,21391.3,21507.8,21408.1,21291.5,21296,21409.8,21282.5,21404,21397,21341.8,21372.8,21374.4,21453.4,21387.2,21362.8,21473.7,21316.1,21429.2,21403.4,21388,21412.1,21359,21340.1,21410.1,21516.9,21419.7,21419.7,21260.6,21319.6,21410.5,21335.5,21356.7,21354.2,21462.7,21317.7,21339.1,21461.2,21289.8,21526.3,21436.7,21336.9,21276.1,21376.7,21426.1,21428.8,21418.1,21542,21291.1,21582.2,21294,21489.3,21331.5,21441.6,21387.4,21435.4,21391.5,21333,21374.4,21462.6,21268.5,21489.4,21213.8,21341.8,21481.3,21376.6,21295.2,21434.9,21375,21336.6,21442,21503.5,21381.1,21302.6,21353.7,21563.5,21390.6,21457.1,21474.6,21461,21603.4,21435.2,21704.8,21592.2,21341.8,21473.1,21272.9,
Mean of Encryption = 21399.1
Decryption Times :
1948.85,2020.67,2035.63,2018.31,2039.02,2081.63,2004.4,2039.19,1997.12,1960.85,1998.02,2034.79,2033.23,2050.11,1996.33,2032.49,2028.76,2029.64,1997.88,2012.54,1992.67,2002.3,1968.36,1969.76,2052.84,2029.54,1975.23,1995.96,2041.25,2036.59,2043.29,1986.2,2004.4,2019.67,2046.54,1961.92,2024.55,2013.06,2047.89,1971.07,1992.1,2061.58,2021.77,1992.92,2018.04,2015.25,2097.84,1963.28,2004.31,2005.87,2020.56,2024.55,2000.18,2048.83,2040.34,2005.82,2006.57,2028.15,2027.88,2034.89,2033.37,1980.43,2035.41,1991.74,1997.92,2022.23,2028.4,1992.36,2046.02,2014.26,2013.9,1985.49,2063.9,1984.58,1980.63,1979.72,1990.64,1995.77,1963.84,2021.79,2003.93,2017.5,1995.87,1990.11,2051.37,1987.76,2022.17,2049.91,2038.44,1992.65,2016.66,1979.3,2026.77,2022.45,2073.78,2013.11,2011.03,1978.66,1981.86,2002.1,
Mean of Decryption = 2013.31
Size of ciphertext is =  33177600

ndata = 90
Encryption Times :
31502.4,32011,31038.7,31321.6,31631.2,31441.1,31616,31270.6,31011.3,31372.2,31471.6,31757.7,31508.1,31642.6,31665.6,31332.8,31183.8,31806.7,31442.3,31094.7,31676.6,31604.7,31548.9,31706.2,30765.1,31566,30981.6,31297.3,31496,31449,31665.4,31688.9,31646.4,31437.4,32367.8,32210.2,31843.9,31113.4,31167.8,31552.2,31494.3,31909.1,31412.4,31589.7,31776.2,31911.5,31840.4,32420.7,31326.5,31207.1,31613.1,31450.7,31120.5,31567,32040.4,31653.6,31695.7,31525.5,31698.3,31606.6,31366,31285.2,31537.8,31146,31492.4,31583.5,31396.8,31511.2,31700.2,31127.9,32578.5,31797.5,31712.2,31606.5,31260.6,31501,31310.9,31925.1,31278.4,31563,31311.6,31460.4,31395.5,31749.6,32212.5,31464.1,31382.9,31801.6,31318.9,31311,31239.2,31492.8,31460.3,31670.1,31535.9,31310,31602.4,32116,31041.6,31358.6,
Mean of Encryption = 31536.8
Decryption Times :
3509.45,3889.05,2672.13,3811.51,3204.03,3051.87,3572.4,3920.87,3011.31,2664.68,3338.45,3230.51,3148.1,3302.47,3448.1,3092.79,2991.7,3928.61,3429.99,3066.38,4075.59,2954.34,3131.07,3108.13,3028.82,4262.82,2877.26,2942,3942.88,3101.73,3138.59,3560.1,3897.92,3571.54,3973.9,3306.99,3991.33,3299.38,3156.59,3261.74,3319.74,4021.79,3353.72,3422.22,3235.97,3072.68,3183.05,3470.62,3710.12,3422.74,3875.88,3415.7,2938.8,3065.37,3960.63,3378.06,3275.47,3567.4,3190.23,3292.9,3148.27,2945.45,4042.14,3249.9,3516.1,3056.15,2925.11,3205.7,2692.54,3129.48,3880.67,3439.54,3132.91,3218.74,2662.88,3315.6,3178.47,3764.28,2766.6,3099.55,3156.49,3279.09,3142.06,3123.57,3295.86,3252.09,3273.16,3235.64,3045.06,3172.34,3220.27,3670.31,3248.29,3452.11,3806.97,3418.75,3357.28,3117.38,2936.65,3159.81,
Mean of Decryption = 3327.73
Size of ciphertext is =  41990400

ndata = 100
Encryption Times :
41933.2,41810.1,41960.1,42491,41435.2,41514.7,41909.4,41752.2,41824.3,41663.6,41701,41818.2,41133.4,41777.9,41672.9,42180,42408.9,42586.1,41910.8,42425.1,42208.4,42482.1,42317,41635.3,41810.8,41955.3,41875.5,41425.9,41686.1,41747.6,41921.6,42366.8,42403.3,42544.7,41895.3,42402.3,42304.9,42196.4,42477.4,41922.1,42071.3,42232.5,42161.1,42330,42099.8,42734.4,42502.1,42414.7,42442.7,42625.8,42350.7,42459.7,42759.5,42587.8,42599.1,42629.5,42611.9,42322.8,42015,42541,42746.8,42346.6,42536.5,42489,41826.5,42095.9,41903.7,42403.7,42627.2,42432,42159.9,42342.6,42438.8,42237.7,41788.8,42223.5,42170.8,42529.7,42476.5,42807.3,42405.5,41682.2,42171.9,42211.2,42203,42610.6,41791,42265,41940.3,42145.5,41860.1,42459.7,41420.5,42393.5,42202.3,42372.7,42170,41794.9,41615.6,42460.3,
Mean of Encryption = 42167.4
Decryption Times :
5478.73,5422.63,5435.08,5392.62,5381.36,5405.22,5401.07,5416.96,5483.77,5475.42,5430.06,5449.29,5437.69,5460.15,5436.13,5441.77,5442.71,5443.83,5475.8,5460.46,5432.44,5410.41,5437.39,5478.48,5451.2,5402.22,5432.56,5419.89,5453.69,5433.84,5422.7,5412.25,5505.69,5440.63,5431.87,5435.66,5394.26,5482.96,5437.15,5453.33,5448.81,5432.76,5405.15,5424.09,5400.94,5425.68,5437.3,5432.01,5419.81,5422.95,5489.85,5462.13,5447.28,5435.31,5440.1,5408.82,5433.62,5442.31,5334.44,5472.54,5386.35,5387.26,5391.15,5442.81,5444.53,5413.92,5424.26,5436.52,5483.91,5495.54,5425.42,5473.26,5455.44,5427.45,5450.66,5509.86,5423.61,5549.06,5566.37,5425.1,5460.57,5376.49,5436.39,5425.66,5448.78,5425.08,5395.76,5407.66,5402.65,5439.38,5395.64,5420.92,5420.5,5436.84,5479.95,5425.49,5422.19,5462.99,5453.64,5458.02,
Mean of Decryption = 5437.62
Size of ciphertext is =  51840000

