keys = 64
Encryption Times :
9606.54,9736.57,9574.49,9775.95,9576.95,9620.87,9586.42,9559.98,9596.06,9639.82,9648.67,9631.34,9707.28,9657.6,9693.43,9652.64,9581.01,9655.44,9652.11,9572.78,9569.13,9572.26,9572.87,9571.83,9581.67,9574.57,9554.17,9553.85,9775.61,9844.8,9673.18,9570.97,9562.36,9554.1,9548.83,9561.66,9547.08,9644.15,9627.45,9558.97,9637.32,9636.53,9623.68,9652.59,9652.11,9638.09,9644.84,9639.47,9641.86,10000.5,9936.9,9743.52,9685.28,9735.29,9647.65,9671.55,9658.86,9650.31,9648.35,9652.24,9638.32,9626.44,9633.49,9635.62,9632.35,9637.19,9635.42,9746.25,10291.4,9518.61,9510.21,9519.45,9511.33,9522.4,9510.91,9510.93,9516.95,9681.89,9506.76,9512.46,9518.13,9763.73,9777.69,9846.44,9816.3,9857.47,9514.71,9520.47,9513.03,9512.78,9510.15,9519.03,9509.85,9507.09,9510.65,9516.65,10199.8,9630.03,9638.51,9659.62,
Mean of Encryption = 9636.83
Decryption Times :
737.633,736.395,736.309,737.868,741.682,739.569,736.074,734.92,742.118,739.7,740.495,739.704,741.127,741.379,739.839,740.863,742.546,742.41,736.086,735.886,737.233,735.786,736.354,737.316,733.735,737.45,735.109,734.775,857.535,739.268,752.14,736.332,734.342,734.548,736.231,735.557,738.271,735.591,753.627,736.894,739.688,740.113,739.952,742.184,739.843,740.589,740.206,739.851,747.081,736.369,746.114,739.003,739.634,740.508,739.364,738.524,739.971,738.653,740.598,739.044,740.435,739.403,741.059,740.053,738.9,740.507,739.67,833.287,723.619,722.335,720.697,723.12,727.564,721.191,722.452,721.083,723.038,721.565,721.953,721.043,720.724,824.635,723.405,723.061,721.084,720.025,722.513,727.881,722.196,720.769,720.818,720.16,722.046,721.437,722.076,721.896,740.039,731.327,739.108,730.838,
Mean of Decryption = 737.47
Size of ciphertext is =  14745600

keys = 72
Encryption Times :
11658.1,11643.7,11580.2,11630.2,11664.1,11677.2,11670.8,11672.9,11653.3,11591.9,11576.4,11618.4,11614.9,11662.1,11665.6,11658.4,11659.5,11659.1,11667.3,11663.7,11640.6,11576.3,11573.2,11582.2,11581,12450.2,11609.3,11642.3,11592.4,11538.2,11546.7,11942.1,11555.7,11969.3,12071.9,11956.7,11982.8,11892.3,11784.9,11810.4,11672,11677.9,11668.5,11660.4,11664.6,11935.3,12048.9,11510.9,11515.2,11521.5,11523.7,11522,11514.1,11527.2,11522.9,11518,11521.3,11516.9,11511.4,11523.5,11517.7,11515.3,11520,11515.7,11521.1,11535.9,11536.8,11564.6,11541.6,11526.9,11539,11515.9,11513.6,11533.2,11539.3,11531.5,11530,11540.7,11529.9,11528.1,11537.2,11527.6,11509.1,11522.4,11530.8,11536.4,11536.5,11539.9,11550.4,11537.1,11531.1,11530.5,11541.7,11558.3,11542.3,11533.9,11541,11529.1,11538.6,11532.3,
Mean of Encryption = 11615.7
Decryption Times :
939.664,928,925.971,927.162,924.862,928.94,928.413,925.735,933.23,921.724,922.598,925.72,925.29,927.817,928.748,925.498,929.292,928.467,928.95,926.367,921.658,927.809,923.393,922.875,953.977,919.219,920.936,922.048,916.862,918.249,917.946,917.314,919.66,918.068,915.637,917.996,918.351,950.181,927.343,938.129,940.529,938.67,937.593,938.176,941.048,1047.13,912.683,914.827,913.578,914.539,914.494,914.119,914.45,912.743,914.127,913.518,913.068,914.437,913.507,913.567,914.619,913.937,913.126,914.308,913.73,913.753,913.428,914.759,914.175,914.33,913.55,913.817,914.279,913.837,914.843,915.652,915.231,915.188,914.912,914.743,914.711,913.941,914.592,914.277,911.449,912.415,912.658,914.426,913.747,921.989,913.967,914.031,913.067,913.65,912.967,913.275,913.745,913.41,923.528,914.347,
Mean of Decryption = 921.533
Size of ciphertext is =  18662400

keys = 80
Encryption Times :
14457.3,14392.8,14440.6,14451.8,14472.1,14475.7,14464.4,14448.9,14518.8,14523.4,14479.8,14519.7,14420.8,14397.4,14474.9,14385.7,14457.5,14386.3,14645.4,15431.7,14936.5,14903.4,15267.9,14393.1,14696.5,14466.4,14388.2,15718,14384.2,14395.7,14390.5,14388.5,14385.8,14402.1,14463.7,14393.3,14393.7,14384.6,14437.3,14380.6,14403.4,14459.3,14397.3,14387,14397.6,14402.1,14456.2,14391.1,14461.4,14389.8,14444.2,14450.1,14394.9,14394.7,14451.6,14392.9,14446.1,14377.4,14380.5,14384.3,14381.6,14441.6,14457.4,14503.4,14572.2,14492.7,14480.8,14464.3,14483.1,14557.3,14493.1,14496.1,14543.6,14419.3,14410.5,14398.7,15267.9,14397.1,14881.5,15118.3,15799.1,15714.3,15054.6,15220.3,14922.6,15127.2,14389,14386,14390.5,15001.9,14939.5,14518,14399.4,14394.7,14482.5,14380,14494.7,14421,14388.8,14380.7,
Mean of Encryption = 14561.4
Decryption Times :
1128.01,1126.86,1128.62,1125.39,1127.61,1126.27,1127.52,1126.62,1128.19,1128.94,1131.18,1132.11,1125.97,1127.36,1125.83,1125.22,1126.15,1129.83,1130.65,1129.75,1129.84,1130.23,1159.56,1129.55,1133.04,1130.49,1128.46,1127.81,1128.44,1130.54,1130.13,1129.35,1130.08,1124.36,1123.47,1124.16,1125.69,1125.94,1125.78,1132.82,1127.72,1125.94,1126.12,1127.14,1127.32,1127.15,1126.22,1127.24,1125.56,1125.72,1124.72,1134.51,1123.37,1125.08,1126.1,1125.98,1125.04,1134.13,1125.6,1126.41,1124.93,1125.87,1129.65,1130.58,1129.93,1130.47,1129.21,1132.25,1130.85,1132.13,1137.32,1131.39,1126.57,1126.6,1127.47,1125.38,1127.14,1126.33,1124.06,1125.19,1124.62,1125.51,1317.21,1123.63,1126.44,1125.96,1124.46,1124.78,1125.92,1124.97,1124.34,1125.88,1124.62,1125.55,1125.35,1124.27,1130.42,1125.32,1126.42,1123.91,
Mean of Decryption = 1129.68
Size of ciphertext is =  23040000

keys = 88
Encryption Times :
17497.9,17484.6,17485,17481.1,17484.8,17488.7,17486.5,17520.7,17542.6,17559.8,17518.9,17499.1,17495.2,17500.6,17486.9,17484.7,17488.9,17516.8,17499.2,17540,17493.8,17492.9,17482.1,17479.3,17485.4,17489.5,17485.5,17497.6,17506.8,17476.1,17557,17485.1,17486.1,17491.6,17481.6,17493.2,17480.3,17480.7,17489.6,17484.8,17489.8,17559.4,17501.6,17508.8,17497.1,17485.9,17504.8,17507.6,17486.2,17483.8,17478.8,17478.4,17483.5,17485.9,17487.8,17490.5,17508.1,17503.4,17481.9,17488,17483.9,17487.3,17483.9,17480.8,17491.6,17478.5,17476.3,17480.5,17477.3,17488.9,17487.1,17482.8,17481,17482.9,17482.3,17486.4,17494.9,17502.9,17500.4,17483.4,18052.6,17477.6,17480.6,17497.5,17480.2,17483.6,17478.5,17490.4,18787.3,18503.6,17479.8,17482.7,18061.8,18911.3,18817.6,17873.2,18048.3,18090.7,17478.6,17930.8,
Mean of Encryption = 17574.1
Decryption Times :
1360.04,1361.52,1360.2,1361.88,1359.76,1364.51,1362.37,1360.52,1361.73,1360.83,1362.13,1361.25,1360.12,1361.25,1360.74,1360.26,1361.33,1361.54,1362.27,1360.43,1362.37,1359.58,1363.22,1361.05,1361.54,1360.48,1361.9,1360.83,1361.95,1369.86,1362.02,1360.52,1362.73,1362.48,1362.48,1362.21,1361.76,1361.21,1361.4,1363.31,1361.21,1363.19,1362.46,1362.32,1360.77,1361.46,1362.83,1361.79,1362.35,1361.22,1361.37,1361.78,1361.96,1363.29,1362.99,1362.42,1367.03,1363.41,1361.39,1362.25,1361.21,1362.33,1360.68,1362.1,1362.42,1361.95,1362.78,1360.31,1361.89,1359.24,1361.66,1360.9,1361.42,1359.22,1361.39,1360.11,1360.87,1359.42,1797.98,1359.67,1361.84,1365.62,1360.43,1362.24,1360.54,1361.41,1360.48,1362.1,1360.66,1359.8,1361.9,1360.35,1368.45,1363.06,1361.39,1361.87,1361.56,1893.18,1361.35,1529.36,
Mean of Decryption = 1373.1
Size of ciphertext is =  27878400

keys = 96
Encryption Times :
21872.6,21714.5,22133.5,21795.2,21864.8,21803.4,22129.7,21852.6,21831.4,21917.7,21979.5,21905.5,21866.6,21844.4,21887.5,21979.9,22035.6,21856.3,21762.3,21896.5,21849.2,21820.3,21749.4,21836.4,21997.7,21958.3,21931.7,21804.8,21857.9,22099,21806.1,21982.6,21687,21816.8,21681.7,21733.2,21950,21826.2,21923.1,21998.6,21748.1,21756.5,21864.2,21891.9,21843.5,21866.4,21852,21738.3,21867.7,22168.7,21944.5,21953.3,21849.4,21771.4,22185.8,21885.8,22433.9,21838.3,21875.1,22548.8,21836,22322.3,21937.8,21972.1,21879.9,21827.9,21823.2,21956.3,21863.4,21876.7,21800.8,22084.5,21816.1,21805.4,21858.5,21792.5,22113.6,21864.4,21867,21798.7,21867.5,21979.5,21994.5,21921.6,21845.9,21980.5,21904.3,21858.6,21991.1,21975.6,21854.1,21865.9,21893.4,21760.3,22128.7,21861.5,22255.1,21851.1,22113.5,21824.6,
Mean of Encryption = 21909.5
Decryption Times :
2057.81,2022.05,2051.58,2040.94,2025.51,1984.37,1979.37,2050.04,1984.91,1990.23,2024.09,1989.36,1973.08,1981.96,1981.73,2026.11,2054.42,2053.33,1975.14,1991.13,2022.58,2028.02,1986.83,2056.22,1985.5,2003.15,2000.34,1985.48,1976.59,2039.47,1986.83,2054.11,1967.98,1981.4,2001.09,1975.75,1992.63,2008.95,2012.2,2040.31,1989.49,2008.67,1989.84,2007.75,1976.8,2025.05,2014.47,1969.67,2093.06,2051.67,2033.7,2017.63,2018.27,1995.32,2047.45,2002.6,1987.26,1976.97,2049.22,1978.43,1990.65,2032.26,1989.66,1972.98,2009.73,2009.77,1993.7,2012.68,2022.18,2060.52,2033.6,1972.61,2098.26,2019.37,2029.25,2058.02,1984.99,1982.93,1988.92,2010.37,2042.05,1999.69,2032.17,1999.97,2008.92,1996.94,2036.89,1992.06,1990.59,1981.77,2063.83,2007.37,1994.81,2149.85,2152.39,2058.32,2154.41,2018.64,2033.51,1985.75,
Mean of Decryption = 2015.48
Size of ciphertext is =  33177600

keys = 104
Encryption Times :
27441.5,27109.1,27229.3,27317.5,27151,27382.2,27196.8,27287.5,27205.1,26955.2,27189.4,27220.3,26966,27168.5,27000.6,27232.1,27087.5,27080.7,27217.2,26885,27178.6,27056.2,26859,27141.8,27087.7,27168,27182.6,27095,26876.5,26813.1,26955.9,27054.3,27094.7,27061.4,27149.4,27252.7,27082.9,27267.9,26893.4,26930.8,26986.3,27156.5,26947.7,26794.3,26841.3,26872.9,26797.6,27029,27417,27131.8,27282.5,27180.8,27162,26978.5,26939.4,27017.8,27032.5,26719.2,27190.2,27351.5,26889.1,26840.5,27110.1,27221.6,27257.7,27206.5,27235.6,27134.1,27243.9,27329.9,27138.1,27183.2,27237.8,27120.3,27225.9,27254.7,26873.6,27159,27030.5,27180.8,26713,26668.4,27155.6,27204.4,27245,27431.1,27441,27446.1,27190.3,27066.4,26813.6,27272.7,27083.4,27293.5,27081.7,26860.6,27138.5,27155.8,27207.2,26962.1,
Mean of Encryption = 27106.6
Decryption Times :
2510.31,2467.37,2477.57,2483.27,2401.17,2489.11,2495.02,2478.13,2547.65,2373.31,2457.62,2377.39,2521.97,2448.52,2527.61,2497.86,2448.13,2520.34,2574.61,2404.99,2472.07,2414.13,2411.08,2386,2466.88,2394.61,2476.87,2544.81,2352.78,2535.56,2422.11,2516.4,2515.72,2619.25,2441.53,2447.24,2513.28,2490.84,2413.28,2537.03,2346.24,2342.17,2314.17,2299.85,2301.84,2348.93,2329.66,2344.42,2488.3,2526.66,2498.4,2498.97,2485.06,2366.36,2393.86,2406.86,2374.32,2407.15,2475.09,2466.99,2500.82,2631.79,2527.33,2392.3,2452.05,2459.71,2451.56,2513.17,2487.76,2457.09,2437.05,2521.58,2447.41,2424.34,2461.07,2492.99,2490.83,2439.58,2483.09,2475.76,2482.84,2408.05,2388.76,2416.55,2465.88,2507.15,2471.04,2502.67,2478.16,2364.46,2400.25,2501.33,2503,2415.45,2422.86,2428.96,2535.4,2483.09,2482.62,2415.57,
Mean of Decryption = 2455.1
Size of ciphertext is =  38937600

keys = 112
Encryption Times :
35032.2,34805.5,35155.1,35036.4,34987.1,35100,35259.9,35510.4,34608.1,35035.4,34634.3,34876.7,35499.8,34903.7,35537.1,34825.1,34879.1,34948.4,34825.4,34526,34964.7,35047.7,35875.5,36602.9,34946.6,34655.7,34764.5,35114.6,35182.2,35226.2,34864.2,34721.3,34654.4,35512.7,34701.5,35101.1,35067.2,34808.4,35590.2,35245.4,34427.2,34610.6,35056.4,34957.8,34959.4,34566.9,34938.2,34678.8,34967.1,35358.4,34906.9,34688.2,35496.6,34943.1,35572.8,34888.7,34988.2,34978,35432.4,35185.7,34912.9,35230.1,34779.4,35319.8,34697.1,34623.8,35118.8,35086.6,34828,35052.7,34954.8,35115.4,34654.7,35030.6,34349.9,35031,34459.1,34496.8,35139.2,34789.9,34700.8,34741.7,34748.3,34598.7,34550.5,34749.5,34513.9,34664.7,35047,34987.6,34460.8,34865.8,34666.3,35361.7,34316.5,34884.2,35444.1,35100.7,34983.2,35188.9,
Mean of Encryption = 34964.8
Decryption Times :
4664.82,4603.03,4688.2,4281.52,4375.16,4404.56,4606.49,4564.64,4278.82,4707.37,4923.64,4558.65,4676.97,4587.39,4532.65,4522.49,4589.85,4276.23,4631.61,4646.47,4728.68,4585.26,4556.72,4549.73,4353.87,4209.03,4289.43,4462.21,4354.32,4713.86,4423.13,4442.02,4365.9,4591.73,4250.65,4567.28,4512.71,4271.31,4468.38,4533.62,4332.4,4733.52,4544,4808.12,4560.93,4269.88,4617.6,4771.56,4355.48,4395.91,4294.41,4494.92,4533.56,4543.78,4547.89,4831.77,4364.24,4383.64,4374.78,4599.99,4374.82,4576.41,4483.73,4643.72,4625.87,4430.58,4303.65,4788.49,4570.98,4621.37,4557.85,4706.46,4643.95,4510.51,4546.17,4468.16,4755.42,4427.1,4383.83,4762.06,4399.33,4330.52,4612.17,4690.55,4740,4260.27,4298.58,4366.46,4597.26,4568.23,4409.74,4741.06,4280.91,4590.46,4133.51,4209.04,4424.22,4372.33,4330.74,4814.89,
Mean of Decryption = 4510.6
Size of ciphertext is =  45158400

keys = 120
Encryption Times :
42923.3,42744.1,42935.2,42964.3,42766.8,42158.9,43036.8,42936.8,42588.8,42376.4,42777.5,42688.1,43029.9,42848.3,43077.1,43053.4,42984.6,43487.8,42421.1,42936.4,43043.6,43277.6,42884.2,42695.7,43274.7,42581.8,43140.7,43075.4,42692.2,43211.1,43040.7,43177.3,42779,43346.8,43145.1,42809.4,42760.3,43011.5,42467.1,43205,42405.2,42938.8,41949.1,42098.7,42631.3,42931.2,42952,41482.5,41023.4,41070.7,41578.1,41867.3,42073.1,42811.4,40985.1,41198.1,40803,40830.8,40807.9,41000.6,40937.4,41096.8,40944.2,41026.4,41119.7,40879.8,41465.6,41144.5,41103.1,42710.6,42884.5,42859.8,42258.5,43130.1,42676.4,43212.4,42994.5,43098.1,43150.3,43346.2,43170.3,43451.9,42674.6,43349.6,43022.8,43016.9,42816.5,42842.8,43129.8,43214.4,43069.8,43127.2,43231.1,42806.8,42925.3,43040.3,42899.6,43119.7,42908.7,42637.5,
Mean of Encryption = 42542.9
Decryption Times :
5389.91,5422.3,5386.9,5422.26,5375.25,5368.92,5335.3,5421.65,5364.25,5501.64,5492.92,5389.35,5380.97,5388.33,5401.96,5439.74,5384.01,5377.72,5280.59,5361.72,5404.19,5397.58,5430.26,5447.58,5510.47,5335.71,5348.57,5375.31,5354.14,5363.39,5381.88,5422.72,5337.59,5424.57,5410.74,5372.03,5540.79,5428.63,5246.26,5439.81,5636.86,5433.57,5192.81,5356.95,5465.46,5416.82,5441.85,4843.31,5504.24,5177.55,5362.83,5215.99,5426.19,5453.32,5157.19,5144.31,5124.91,5198.43,5176.27,5114.81,5161.95,5109.25,5164.66,5065.68,5097.22,5156.69,5314.01,5160.41,5334.83,5395.72,5449.02,5412.74,5372.37,5403.74,5394.46,5429.87,5369.63,5378.6,5409.06,5406.13,5393.58,5409.57,5355.83,5471.3,5385.25,5442.48,5359.79,5390.2,5366.43,5401.09,5408.98,5397.62,5344.59,5380.9,5435.54,5408.78,5370.78,5397.63,5423.02,5402.57,
Mean of Decryption = 5356.34
Size of ciphertext is =  51840000

keys = 128
Encryption Times :
55089.4,55461.1,51432.5,55000.9,54112.2,48294.3,53681,54362.5,51701.3,53179.8,56080,55601.8,56337.2,54321.7,49290.8,49591.5,49417.4,49439.5,49201.7,49231.9,49399.7,49466.1,49479.4,53390.7,51295.7,49082.5,52081.8,52471.6,49039.5,49533.7,52194.7,48975.1,49230.4,49444.8,53442.4,49520.3,49258.3,49379.1,49316.5,49218.9,49409.7,49025.4,49575.1,49135.5,49375.9,49187,49322.6,49430.2,49350.7,49287.1,49473.1,49254.8,49378.3,49396.2,52344.8,49687.8,52059,53304.3,49347.9,48924,48871,48800,52157.8,49037.3,49469.7,49341.5,49646.3,53384,49382.1,49336.5,52617.2,49982.8,50006.9,49349.3,49124.2,49600.5,49168.1,49067.6,49834.7,49764.2,53496.1,49017,49173.4,49466.4,48539.1,48635.7,49364.7,49479.9,53776.6,52219.4,54873.1,49170.3,49236.6,49495,49085.8,50938.9,52997,49243.7,54835.7,49393.5,
Mean of Encryption = 50627
Decryption Times :
6752.1,6777.43,6492.06,6615.42,6400.64,6040.85,7032.14,6511.1,6507.16,6796.62,7225.8,6740.51,7285.09,6357.59,6279.24,6278.39,6261.06,6275.12,6309.08,6298.77,6298.09,6784.84,6259.72,6543.48,6387.93,6240.22,6331.9,6277.68,6261.95,6239.86,6383.71,6274.1,6283.15,6325.51,6403.47,6286.21,6242.38,6310.19,6339.41,6316.15,6330.26,6301.91,6293.32,6293.66,6312.95,6271.37,6292.57,6278.09,6255.52,6327.76,6279.86,6347.15,6275.37,6295.02,6465,6364.41,6359.4,6544.14,6307.24,6286.14,6311.21,6278.93,6084.36,6265.11,6298.19,6324.39,6332.43,6333.53,6306.52,6340.96,6430.39,6491.45,6251.34,6300.98,6278.88,6296.19,6337.39,6209.35,6341.6,6816.94,6578.23,6020.01,6318.04,6345.74,6273.05,6183.46,6332.13,6348.35,6747.2,6117.58,6659.86,6266.16,6387.58,6330.9,6326.04,6455.11,6269.31,6294.25,6548.06,6277.51,
Mean of Decryption = 6382.16
Size of ciphertext is =  58982400

